 222222222222222222222222222222
20000000000000000000000000000002
20000000000000000000000000000002
20000000000000000000000000000002
20000000000000000000000000000002
20000000000000000000000000000002
2000000000000000000000000000000
2000000000000000000000000000000
2000000000000000000000000000000
2000000000000000000000000000000
2000000000000000000000000000000
2000000000000000000000000000000
2000000000000000000000000000000
2000000000000000000000000000000
2000000000000000000000000000000
2000000000000000000000000000000
20000000000000000000000000000002
20000000000000000000000000000002
20000000000000000000000000000002
20000000000000000000000000000002
20000000000000000000000000000002
20000000000000000000000000000002
20000000000000000000000000000002
20000000000000000000000000000002
20000000000000000000000000000002
20000000000000000000000000000002
 222222222222222          22222