0 - floor
1 - full brick wall
2 - full metal wall
3 - wall with door
4 - wall with window

1square = 1 meter = 5 wall/floor


Men's comfort room

 111111111111111111111111111111
1000000000000000000000000000000
1000000000000000000000000000000
1000000000000000000000000000000
1000000000000000000000000000000
1000000000000000000000000000000
1000000000000000000000000000000
1000000000000000000000000000000
1000000000000000000000000000000
1000000000000000000000000000000
1000000000000000000000000000000
10000000000000000000000000000001
10000000000000000000000000000001
10000000000000000000000000000001
10000000000000000000000000000001
10000000000000000000000000000001
 111111111111111111111111111111
 
Women's comfort room

 111111111111111111111111111111
 0000000000000000000000000000001
 0000000000000000000000000000001
 0000000000000000000000000000001
 0000000000000000000000000000001
 0000000000000000000000000000001
 0000000000000000000000000000001
 0000000000000000000000000000001
 0000000000000000000000000000001
 0000000000000000000000000000001
 0000000000000000000000000000001
10000000000000000000000000000001
10000000000000000000000000000001
10000000000000000000000000000001
10000000000000000000000000000001
10000000000000000000000000000001
 111111111111111111111111111111

 
Left lab 1
 22222222222222222222          222222222222222
20000000000000000000000000000000000000000000002
20000000000000000000000000000000000000000000002
20000000000000000000000000000000000000000000002
20000000000000000000000000000000000000000000002
20000000000000000000000000000000000000000000002
20000000000000000000000000000000000000000000002
20000000000000000000000000000000000000000000002
20000000000000000000000000000000000000000000002
20000000000000000000000000000000000000000000002
20000000000000000000000000000000000000000000002
20000000000000000000000000000000000000000000002
20000000000000000000000000000000000000000000002
20000000000000000000000000000000000000000000002
20000000000000000000000000000000000000000000002
20000000000000000000000000000000000000000000002
20000000000000000000000000000000000000000000002
20000000000000000000000000000000000000000000002
20000000000000000000000000000000000000000000002
20000000000000000000000000000000000000000000002
20000000000000000000000000000000000000000000002
20000000000000000000000000000000000000000000002
20000000000000000000000000000000000000000000002
20000000000000000000000000000000000000000000002
20000000000000000000000000000000000000000000002
20000000000000000000000000000000000000000000002
 222222222222222222222222222222          22222
 

Left lab 2
 
 22222222222222222222          222222222222222
20000000000000000000000000000000000000000000002
20000000000000000000000000000000000000000000002
20000000000000000000000000000000000000000000002
20000000000000000000000000000000000000000000002
20000000000000000000000000000000000000000000002
20000000000000000000000000000000000000000000002
20000000000000000000000000000000000000000000002
20000000000000000000000000000000000000000000002
20000000000000000000000000000000000000000000002
20000000000000000000000000000000000000000000002
20000000000000000000000000000000000000000000002
20000000000000000000000000000000000000000000002
20000000000000000000000000000000000000000000002
20000000000000000000000000000000000000000000002
20000000000000000000000000000000000000000000002
20000000000000000000000000000000000000000000002
20000000000000000000000000000000000000000000002
20000000000000000000000000000000000000000000002
20000000000000000000000000000000000000000000002
20000000000000000000000000000000000000000000002
20000000000000000000000000000000000000000000002
20000000000000000000000000000000000000000000002
20000000000000000000000000000000000000000000002
20000000000000000000000000000000000000000000002
20000000000000000000000000000000000000000000002
 22222222222222222222          222222222222222
 
Left lab 3

 22222222222222222222          222222222222222
2000000000000000000000000000000000000000000000
2000000000000000000000000000000000000000000000
2000000000000000000000000000000000000000000000
2000000000000000000000000000000000000000000000
2000000000000000000000000000000000000000000000
2000000000000000000000000000000000000000000000
2000000000000000000000000000000000000000000000
2000000000000000000000000000000000000000000000
2000000000000000000000000000000000000000000000
2000000000000000000000000000000000000000000000
2000000000000000000000000000000000000000000000
20000000000000000000000000000000000000000000002
20000000000000000000000000000000000000000000002
20000000000000000000000000000000000000000000002
20000000000000000000000000000000000000000000002
20000000000000000000000000000000000000000000002
20000000000000000000000000000000000000000000002
20000000000000000000000000000000000000000000002
20000000000000000000000000000000000000000000002
20000000000000000000000000000000000000000000002
20000000000000000000000000000000000000000000002
20000000000000000000000000000000000000000000002
20000000000000000000000000000000000000000000002
20000000000000000000000000000000000000000000002
20000000000000000000000000000000000000000000002
 22222222222222222222          222222222222222

 
Board room

 222222222222222222222222222222
20000000000000000000000000000002
20000000000000000000000000000002
20000000000000000000000000000002
20000000000000000000000000000002
20000000000000000000000000000002
2000000000000000000000000000000
2000000000000000000000000000000
2000000000000000000000000000000
2000000000000000000000000000000
2000000000000000000000000000000
2000000000000000000000000000000
2000000000000000000000000000000
2000000000000000000000000000000
2000000000000000000000000000000
2000000000000000000000000000000
20000000000000000000000000000002
20000000000000000000000000000002
20000000000000000000000000000002
20000000000000000000000000000002
20000000000000000000000000000002
20000000000000000000000000000002
20000000000000000000000000000002
20000000000000000000000000000002
20000000000000000000000000000002
20000000000000000000000000000002
 222222222222222          22222
 
patio
0000000000000000000000000
0000000000000000000000000
0000000000000000000000000
0000000000000000000000000
0000000000000000000000000
0000000000000000000000000
0000000000000000000000000
0000000000000000000000000
0000000000000000000000000
0000000000000000000000000
0000000000000000000000000
0000000000000000000000000
0000000000000000000000000
0000000000000000000000000
0000000000000000000000000
0000000000000000000000000
0000000000000000000000000
0000000000000000000000000
0000000000000000000000000
0000000000000000000000000
0000000000000000000000000
0000000000000000000000000
0000000000000000000000000
0000000000000000000000000
0000000000000000000000000