 22222222222222222222          222222222222222
2000000000000000000000000000000000000000000000
2000000000000000000000000000000000000000000000
2000000000000000000000000000000000000000000000
2000000000000000000000000000000000000000000000
2000000000000000000000000000000000000000000000
2000000000000000000000000000000000000000000000
2000000000000000000000000000000000000000000000
2000000000000000000000000000000000000000000000
2000000000000000000000000000000000000000000000
2000000000000000000000000000000000000000000000
2000000000000000000000000000000000000000000000
20000000000000000000000000000000000000000000002
20000000000000000000000000000000000000000000002
20000000000000000000000000000000000000000000002
20000000000000000000000000000000000000000000002
20000000000000000000000000000000000000000000002
20000000000000000000000000000000000000000000002
20000000000000000000000000000000000000000000002
20000000000000000000000000000000000000000000002
20000000000000000000000000000000000000000000002
20000000000000000000000000000000000000000000002
20000000000000000000000000000000000000000000002
20000000000000000000000000000000000000000000002
20000000000000000000000000000000000000000000002
20000000000000000000000000000000000000000000002
 22222222222222222222          222222222222222
