 222222222222222          22222222222222222222
20000000000000000000000000000000000000000000002
20000000000000000000000000000000000000000000002
20000000000000000000000000000000000000000000002
20000000000000000000000000000000000000000000002
20000000000000000000000000000000000000000000002
20000000000000000000000000000000000000000000002
20000000000000000000000000000000000000000000002
20000000000000000000000000000000000000000000002
20000000000000000000000000000000000000000000002
20000000000000000000000000000000000000000000002
20000000000000000000000000000000000000000000002
20000000000000000000000000000000000000000000002
20000000000000000000000000000000000000000000002
20000000000000000000000000000000000000000000002
20000000000000000000000000000000000000000000002
20000000000000000000000000000000000000000000002
20000000000000000000000000000000000000000000002
20000000000000000000000000000000000000000000002
20000000000000000000000000000000000000000000002
20000000000000000000000000000000000000000000002
20000000000000000000000000000000000000000000002
20000000000000000000000000000000000000000000002
20000000000000000000000000000000000000000000002
20000000000000000000000000000000000000000000002
20000000000000000000000000000000000000000000002
 222222222222222          22222222222222222222