 111111111111111111111111111111
 0000000000000000000000000000001
 0000000000000000000000000000001
 0000000000000000000000000000001
 0000000000000000000000000000001
 0000000000000000000000000000001
 0000000000000000000000000000001
 0000000000000000000000000000001
 0000000000000000000000000000001
 0000000000000000000000000000001
 0000000000000000000000000000001
10000000000000000000000000000001
10000000000000000000000000000001
10000000000000000000000000000001
10000000000000000000000000000001
10000000000000000000000000000001
 111111111111111111111111111111